0.277344 0.365385
0.355469 0.325000
0.554688 0.225000
0.554688 0.228846
0.890625 0.063462
0.667969 0.161538
0.191406 0.405769
0.332031 0.305769
0.332031 0.363462
0.390625 0.307692
0.585938 0.211538
0.277344 0.363462
0.332031 0.336538
0.277344 0.365385
0.277344 0.365385
0.554688 0.226923
0.554688 0.213462
0.554688 0.226923
0.554688 0.230769
0.554688 0.228846
0.554688 0.228846
0.554688 0.223077
0.554688 0.225000
0.554688 0.228846
0.554688 0.226923
0.277344 0.365385
0.277344 0.363462
0.585938 0.211538
0.585938 0.211538
0.585938 0.211538
0.554688 0.223077
1.015625 0.003846
0.667969 0.169231
0.667969 0.157692
0.722656 0.138462
0.722656 0.126923
0.667969 0.151923
0.609375 0.178846
0.777344 0.128846
0.722656 0.144231
0.277344 0.361538
0.500000 0.282692
0.667969 0.134615
0.554688 0.201923
0.832031 0.092308
0.722656 0.144231
0.777344 0.119231
0.667969 0.157692
0.777344 0.119231
0.722656 0.126923
0.667969 0.169231
0.609375 0.200000
0.722656 0.144231
0.667969 0.171154
0.945312 0.034615
0.667969 0.171154
0.667969 0.173077
0.609375 0.198077
0.277344 0.332692
0.277344 0.365385
0.277344 0.394231
0.468750 0.269231
0.554688 0.228846
0.332031 0.348077
0.554688 0.205769
0.554688 0.215385
0.500000 0.246154
0.554688 0.236538
0.554688 0.228846
0.277344 0.353846
0.554688 0.236538
0.554688 0.223077
0.222656 0.390385
0.222656 0.434615
0.500000 0.219231
0.222656 0.390385
0.832031 0.088462
0.554688 0.225000
0.554688 0.225000
0.554688 0.215385
0.554688 0.236538
0.332031 0.311538
0.500000 0.255769
0.277344 0.357692
0.554688 0.225000
0.500000 0.253846
0.722656 0.142308
0.500000 0.253846
0.500000 0.251923
0.500000 0.259615
0.335938 0.336538
0.261719 0.371154
0.335938 0.334615
0.585938 0.211538
